15 0.504127 0.664051 0.034984 0.082739
15 0.072131 0.713980 0.048349 0.115549
15 0.022799 0.733595 0.044025 0.126248
15 0.297956 0.733951 0.029088 0.129815
15 0.337657 0.747860 0.033805 0.137660
15 0.242728 0.625535 0.029481 0.062767
15 0.300904 0.622325 0.026336 0.052068
15 0.295991 0.590585 0.020440 0.037090
15 0.428459 0.599501 0.016509 0.037803
15 0.424921 0.581669 0.011792 0.029244
15 0.413129 0.599857 0.014937 0.038516
15 0.343357 0.579173 0.009827 0.025678
15 0.348664 0.580599 0.011792 0.028531
15 0.355346 0.576320 0.010220 0.025678
15 0.374803 0.580243 0.009827 0.030670
15 0.386596 0.582739 0.009041 0.028531
15 0.385613 0.558131 0.005503 0.012126
15 0.400943 0.557061 0.003931 0.008559
15 0.369693 0.557775 0.005896 0.011412
15 0.363601 0.559201 0.004717 0.012839
