15 0.334119 0.578103 0.028302 0.052068
15 0.365959 0.553495 0.005503 0.017118
15 0.370283 0.552425 0.006289 0.016405
15 0.378145 0.551355 0.006289 0.014265
15 0.381682 0.520328 0.006289 0.012126
15 0.388365 0.520685 0.005503 0.011412
15 0.395047 0.520685 0.005503 0.012839
15 0.401336 0.521398 0.006289 0.012839
15 0.439858 0.583809 0.025157 0.059201
15 0.399764 0.574536 0.015723 0.049215
15 0.445558 0.566334 0.014544 0.034237
15 0.375983 0.500713 0.005110 0.009986
15 0.380110 0.500000 0.005503 0.011412
15 0.391509 0.500357 0.006289 0.010699
15 0.396619 0.500357 0.006289 0.010699
15 0.401336 0.500000 0.005503 0.011412
15 0.380896 0.485735 0.004717 0.008559
15 0.387775 0.483951 0.006682 0.009272
15 0.403302 0.483951 0.005503 0.009272
15 0.409395 0.486091 0.004324 0.007846
15 0.413325 0.486448 0.004324 0.009986
