16 0.657233 0.713267 0.063679 0.156919
16 0.743907 0.698645 0.076651 0.150499
16 0.604167 0.630171 0.033019 0.089158
16 0.495086 0.484665 0.012186 0.039230
16 0.451061 0.628745 0.020833 0.082026
16 0.433962 0.615906 0.010220 0.079173
16 0.463836 0.482882 0.013365 0.039943
16 0.449882 0.488231 0.009827 0.036377
16 0.416077 0.484665 0.010613 0.036377
16 0.388168 0.485378 0.009827 0.024964
16 0.374607 0.489301 0.007075 0.024251
16 0.397406 0.466120 0.004717 0.014979
16 0.443200 0.462553 0.005110 0.013552
16 0.429638 0.471469 0.003931 0.005706
16 0.402516 0.464337 0.003931 0.015692
16 0.407429 0.464337 0.003538 0.017118
