15 0.767099 0.842725 0.074292 0.257489
15 0.456958 0.567760 0.012972 0.025678
15 0.436124 0.567760 0.011399 0.021398
15 0.432586 0.555278 0.004324 0.012126
15 0.425314 0.563124 0.008648 0.019258
15 0.379520 0.560271 0.004324 0.017832
15 0.391706 0.567047 0.009827 0.022825
15 0.403695 0.559558 0.004717 0.016405
15 0.412932 0.559201 0.003538 0.015692
15 0.420008 0.556705 0.005896 0.014979
15 0.394458 0.558488 0.004324 0.015692
15 0.388954 0.559558 0.007469 0.013552
15 0.385024 0.523538 0.005110 0.011412
15 0.393082 0.523894 0.007075 0.012126
15 0.415881 0.523894 0.006289 0.010699
15 0.420204 0.523894 0.004717 0.010699
15 0.424921 0.523181 0.004717 0.010699
