15 0.240369 0.808131 0.043632 0.078459
15 0.303066 0.800999 0.039308 0.071327
15 0.294811 0.725036 0.027516 0.054922
15 0.306211 0.709344 0.025943 0.053495
15 0.520440 0.839872 0.035377 0.083452
15 0.472091 0.699358 0.024371 0.049215
15 0.465802 0.666904 0.018868 0.031384
15 0.360063 0.680813 0.020440 0.043509
15 0.351022 0.641940 0.015723 0.029957
15 0.349057 0.562767 0.011792 0.027104
15 0.361635 0.562411 0.011006 0.023538
15 0.388168 0.561341 0.011399 0.024251
15 0.415881 0.560271 0.012579 0.022111
15 0.387972 0.654779 0.014151 0.025678
15 0.393868 0.642653 0.013365 0.027104
15 0.413915 0.645150 0.013365 0.032097
15 0.037736 0.602354 0.008648 0.016405
15 0.063286 0.598431 0.008648 0.015692
15 0.071344 0.595578 0.006682 0.015692
