15 0.310928 0.493581 0.014937 0.031384
15 0.321934 0.492511 0.014151 0.027817
15 0.343553 0.498573 0.013365 0.024251
15 0.421187 0.585235 0.017689 0.039230
15 0.430425 0.602354 0.024371 0.056348
15 0.380110 0.619829 0.031447 0.075606
15 0.399961 0.614123 0.023978 0.069900
15 0.380307 0.592011 0.022406 0.052782
15 0.392885 0.497860 0.011399 0.025678
15 0.404285 0.499287 0.009827 0.024251
15 0.412343 0.499287 0.007862 0.019971
15 0.360456 0.464337 0.006289 0.008559
15 0.417060 0.460770 0.007862 0.017118
15 0.391509 0.463980 0.007075 0.010699
15 0.380700 0.462910 0.007469 0.012839
15 0.370873 0.463267 0.009041 0.012126
15 0.357115 0.446505 0.006682 0.008559
15 0.386792 0.446148 0.007075 0.012126
15 0.393868 0.447218 0.007075 0.009986
15 0.363011 0.448288 0.005110 0.004993
15 0.380307 0.448645 0.006682 0.007133
15 0.375590 0.435093 0.005110 0.009986
15 0.378341 0.436163 0.004324 0.007846
15 0.398388 0.436519 0.003538 0.005706
15 0.366745 0.438302 0.003931 0.004993
