15 0.240959 0.807775 0.040881 0.074893
15 0.303656 0.799572 0.038129 0.068474
15 0.293829 0.722896 0.024764 0.052068
15 0.306997 0.707917 0.022799 0.046362
15 0.359866 0.680456 0.016903 0.037090
15 0.521226 0.842368 0.034591 0.084165
15 0.472288 0.701141 0.017689 0.045649
15 0.465802 0.665121 0.017296 0.033524
15 0.352005 0.641227 0.012186 0.027104
15 0.348860 0.562054 0.010613 0.024251
15 0.361242 0.559914 0.010220 0.021398
15 0.388168 0.558488 0.009827 0.022825
15 0.415094 0.559914 0.008648 0.022825
15 0.390330 0.643367 0.014151 0.025678
15 0.415094 0.647290 0.007075 0.020685
