15 0.310928 0.492867 0.012579 0.029957
15 0.322327 0.491441 0.012579 0.025678
15 0.343160 0.497504 0.012579 0.023538
15 0.393278 0.497504 0.009041 0.024964
15 0.403695 0.499287 0.009434 0.024251
15 0.412146 0.498930 0.007469 0.022111
15 0.430425 0.603067 0.025943 0.057775
15 0.421187 0.584522 0.018475 0.036377
15 0.380503 0.618046 0.025943 0.067760
15 0.396423 0.611270 0.022406 0.058488
15 0.378538 0.581312 0.018868 0.028531
15 0.359473 0.464337 0.009041 0.014265
15 0.416470 0.460057 0.007469 0.015692
15 0.391903 0.463980 0.007862 0.010699
15 0.380503 0.462197 0.007862 0.012839
15 0.370873 0.463623 0.006682 0.012839
15 0.356918 0.446505 0.007862 0.008559
15 0.386203 0.444365 0.008255 0.012839
15 0.376769 0.434379 0.007469 0.009986
15 0.398192 0.435806 0.004717 0.005706
15 0.393868 0.446505 0.006289 0.008559
15 0.380503 0.448288 0.005503 0.003566
