15 0.335299 0.579886 0.027516 0.052782
15 0.365566 0.553138 0.004717 0.014979
15 0.370873 0.552782 0.003538 0.012839
15 0.378341 0.552068 0.003538 0.012839
15 0.376179 0.499643 0.003931 0.009272
15 0.380307 0.500713 0.003538 0.009986
15 0.387775 0.485021 0.005896 0.008559
15 0.392099 0.499643 0.005110 0.007846
15 0.396423 0.500000 0.003538 0.008559
15 0.400943 0.500357 0.004717 0.010699
15 0.381486 0.521041 0.003538 0.009272
15 0.387972 0.520685 0.004717 0.011412
15 0.394851 0.520685 0.004324 0.009986
15 0.400943 0.521041 0.004717 0.012126
15 0.403695 0.484308 0.004717 0.008559
15 0.410181 0.485378 0.003538 0.007846
15 0.440645 0.585235 0.019654 0.047789
15 0.446934 0.563481 0.011792 0.028531
