15 0.023781 0.733238 0.046777 0.118402
15 0.072131 0.717546 0.043632 0.115549
15 0.241549 0.621969 0.029481 0.062767
15 0.294811 0.588088 0.019654 0.026391
15 0.301494 0.622682 0.022013 0.047076
15 0.295597 0.728959 0.032233 0.125535
15 0.336478 0.745720 0.037736 0.133381
15 0.502948 0.665835 0.033412 0.077746
15 0.349450 0.578459 0.020440 0.027104
15 0.427083 0.593438 0.014544 0.047076
15 0.374803 0.579886 0.009041 0.027104
15 0.363601 0.559201 0.005503 0.012839
15 0.369693 0.558131 0.005896 0.013552
15 0.385417 0.556705 0.005896 0.013552
15 0.386006 0.580599 0.007862 0.028531
